Accuracy: 0.5487179487179488

              precision    recall  f1-score   support

           3       0.00      0.00      0.00         9
           4       0.22      0.12      0.16        65
           5       0.57      0.61      0.59       642
           6       0.56      0.61      0.58       851
           7       0.52      0.46      0.49       324
           8       0.38      0.10      0.16        58
           9       0.00      0.00      0.00         1

    accuracy                           0.55      1950
   macro avg       0.32      0.27      0.28      1950
weighted avg       0.54      0.55      0.54      1950
